163
243
0 1 655 0
1 2 58 0
1 3 90 0
2 30 152 0
2 4 82 0
3 4 61 0
3 5 57 0
3 11 115 0
4 18 61 0
4 12 102 0
5 6 111 0
6 11 61 0
6 7 118 0
7 8 99 0
7 10 58 0
8 9 66 0
9 10 113 0
9 14 60 0
10 11 101 0
10 13 65 0
11 12 64 0
12 13 119 0
12 17 65 0
13 14 106 0
13 16 60 0
14 15 59 0
15 16 97 0
15 23 62 0
15 32 99 0
16 17 109 0
16 22 65 0
17 18 111 0
17 20 65 0
18 19 61 0
19 20 106 0
19 29 61 0
20 21 60 0
20 2 63 0
21 22 55 0
21 26 66 0
22 23 107 0
22 25 64 0
23 24 58 0
24 25 108 0
25 26 57 0
25 44 98 0
26 27 58 0
26 43 96 0
27 28 34 0
28 29 76 0
28 42 94 0
29 45 214 0
30 31 242 0
31 63 324 0
32 33 59 0
33 34 154 0
34 35 140 0
35 36 74 0
35 40 69 0
36 37 92 0
36 39 77 0
36 37 94 0
37 38 272 0
39 40 60 0
39 41 110 0
40 54 173 0
41 55 103 0
41 56 99 0
42 43 80 0
42 46 71 0
43 44 71 0
43 47 76 0
44 48 71 0
45 46 26 0
45 50 38 0
46 47 82 0
47 48 61 0
47 51 63 0
48 49 60 0
48 52 66 0
49 53 63 0
50 51 80 0
50 57 64 0
51 52 63 0
51 58 64 0
52 53 63 0
52 59 61 0
53 54 71 0
53 60 63 0
54 55 52 0
54 61 80 0
55 56 46 0
55 65 205 0
56 70 210 0
57 58 76 0
57 62 124 0
58 59 63 0
58 62 91 0
59 60 64 0
59 67 92 0
60 61 38 0
61 67 90 0
62 64 66 0
63 64 93 0
63 68 98 0
64 65 50 0
64 66 57 0
65 66 33 0
65 69 89 0
66 67 26 0
68 69 109 0
68 85 148 0
68 71 163 0
69 70 81 0
69 86 157 0
70 90 199 0
71 72 44 0
71 84 55 0
71 72 46 0
72 73 77 0
72 74 120 0
73 74 173 0
73 81 103 0
74 81 201 0
74 75 387 0
75 78 91 0
75 76 67 0
75 79 214 0
76 77 89 0
77 78 55 0
79 80 200 0
81 82 40 0
82 83 63 0
82 84 154 0
83 85 153 0
83 91 73 0
84 85 50 0
85 86 53 0
86 87 21 0
87 88 81 0
87 90 46 0
88 89 46 0
89 90 80 0
90 95 178 0
91 92 112 0
92 93 86 0
92 127 167 0
93 120 181 0
93 94 161 0
95 96 167 0
95 98 46 0
96 97 52 0
97 98 190 0
98 99 20 0
99 100 52 0
99 129 52 0
100 130 63 0
100 101 106 0
101 130 87 0
101 102 33 0
102 119 70 0
102 103 139 0
103 113 61 0
103 104 37 0
104 105 68 0
105 106 134 0
106 108 109 0
106 107 110 0
106 111 56 0
107 108 36 0
107 109 84 0
109 110 170 0
110 111 262 0
111 112 34 0
111 113 220 0
112 114 212 0
113 114 62 0
113 119 104 0
114 115 61 0
114 118 102 0
115 116 96 0
116 117 28 0
116 143 98 0
117 131 58 0
117 118 32 0
118 119 61 0
120 127 67 0
120 121 159 0
120 125 121 0
121 122 87 0
122 124 97 0
122 123 285 0
124 125 102 0
125 156 66 0
126 127 125 0
126 128 32 0
128 129 81 0
128 136 124 0
129 133 156 0
130 131 164 0
131 132 72 0
131 134 49 0
132 140 48 0
132 142 90 0
133 134 61 0
133 135 54 0
135 137 49 0
135 136 97 0
136 162 403 0
137 138 89 0
138 139 44 0
139 141 124 0
139 140 40 0
141 142 29 0
142 143 33 0
143 144 234 0
144 145 59 0
144 151 156 0
145 150 161 0
145 146 62 0
146 147 60 0
146 149 166 0
147 159 99 0
147 148 153 0
148 149 62 0
148 157 49 0
149 154 156 0
149 150 66 0
150 153 161 0
150 151 63 0
151 152 162 0
152 153 65 0
153 154 63 0
154 156 107 0
154 155 35 0
155 157 131 0
155 156 96 0
157 158 131 0
158 159 155 0
158 161 101 0
159 160 78 0
160 161 106 0
161 162 52 0